315 402
39 210
45 145
354 527
541 635
219 563
22 235
642 652
396 649
25 316
202 382
556 576
370 600
434 619
44 102
271 634
489 626
283 317
641 655
298 436
520 544
512 548
417 530
11 601
188 648
146 436
579 601
187 320
202 228
275 636
435 572
358 499
138 364
388 612
451 587
293 388
73 314
623 645
21 241
512 544
268 476
552 561
102 585
594 641
85 158
274 466
224 472
38 484
396 525
121 597
276 405
316 497
440 619
443 624
596 625
45 414
421 479
71 570
239 634
111 128
411 559
335 578
474 561
231 639
465 510
30 355
245 574
172 654
630 642
295 298
620 651
34 651
253 415
250 633
50 602
406 522
570 633
219 321
67 508
562 639
535 560
259 516
329 415
256 506
15 337
96 645
268 479
250 505
248 595
286 544
573 648
503 539
608 634
411 634
635 643
549 621
642 645
643 648
185 257
607 647
52 297
510 526
499 568
309 479
48 614
104 126
323 489
10 530
206 512
362 378
419 466
410 484
162 651
453 625
366 588
415 577
387 430
449 452
163 172
640 647
87 92
359 474
265 353
150 490
653 654
173 634
3 65
441 501
51 480
337 631
457 638
388 517
119 236
574 618
34 51
574 589
366 395
393 446
411 528
73 353
78 566
249 349
200 515
357 605
302 432
188 371
260 649
494 640
510 605
89 331
305 391
199 410
98 386
83 363
297 392
2 327
471 499
507 604
66 210
147 639
146 591
569 611
315 340
456 484
103 638
124 132
260 395
319 554
91 641
506 540
92 255
622 647
342 538
448 594
302 434
314 579
492 521
609 620
592 614
272 412
83 245
108 536
509 512
643 650
194 204
309 368
302 636
623 628
272 486
14 564
69 381
408 547
78 366
445 628
529 596
410 594
620 634
599 631
173 183
46 179
493 580
571 616
289 596
501 533
10 108
363 430
56 550
646 653
572 630
52 498
207 641
646 653
155 644
569 592
557 600
480 603
75 438
647 650
430 618
405 544
275 582
188 553
17 549
531 615
99 283
412 470
79 230
522 603
105 288
642 646
234 247
81 349
487 525
608 626
197 495
411 619
580 621
294 407
198 268
468 507
285 437
405 496
487 609
186 335
551 630
295 480
314 418
523 619
426 431
53 159
71 262
111 268
117 163
38 604
169 362
140 403
497 633
195 385
158 274
1 92
409 498
558 653
507 532
90 572
415 529
372 449
423 515
176 474
638 651
128 248
508 579
654 655
351 461
577 643
384 430
322 521
501 636
474 644
14 456
329 528
206 473
582 640
489 598
354 596
42 76
435 469
85 506
324 450
140 533
399 631
385 598
34 60
134 408
194 352
203 338
367 569
263 511
488 553
222 281
55 611
155 579
526 601
86 364
448 462
620 650
469 541
307 354
68 507
641 654
378 514
647 650
545 574
367 453
152 260
266 497
458 542
580 603
37 636
213 590
141 535
482 610
523 609
219 435
182 515
315 344
635 647
263 570
484 572
46 371
95 242
104 435
469 514
562 607
109 395
151 391
560 566
556 560
291 329
495 509
593 622
86 453
648 654
508 519
243 317
514 522
530 627
326 427
63 360
128 182
140 340
272 324
346 518
256 401
440 636
599 641
522 596
628 628
403 414
315 338
20 557
486 550
175 202
342 575
629 651
619 638
553 633
204 270
238 400
361 381
189 487
578 578
551 567
488 631
147 377
640 643
363 464
212 451
646 646
151 537
406 482
540 561
475 476
88 541
645 645
13 492
139 266
231 306
281 420
528 549
460 502
231 469
116 338
50 131
205 245
52 438
563 640
154 651
574 632
56 367
616 643
402 466
86 329
583 606
459 516
614 646
314 622
298 649
603 621
229 248
401 500
79 91
312 489
422 541
392 604
308 608
331 342
649 649
638 641
277 492
591 623
280 461
93 438
473 496
279 329
206 648
576 615
493 547
312 366
272 389
460 637
96 321
207 600
290 532
539 577
436 597
329 380
282 527
621 624
242 448
245 342
555 577
60 494
294 606
307 524
59 414
16 627
157 504
639 644
269 303
27 134
328 516
262 567
481 530
394 412
546 577
195 459
490 615
237 650
553 641
195 592
17 566
469 586
125 562
164 184
163 186
336 571
314 408
566 588
177 623
73 599
595 621
507 586
500 655
188 246
631 638
186 348
338 564
9 643
93 267
296 382
493 592
439 503
411 439
375 469
236 482
505 527
124 598
66 138
278 447
167 359
207 365
343 520
145 151
105 322
557 645
198 410
616 628
162 273
490 539
43 43
477 608
562 582
287 617
85 200
329 337
452 491
354 378
265 441
643 650
189 283
399 438
467 507
91 305
397 647
227 507
323 330
553 604
165 299
45 438
436 452
232 383
431 560
588 634
526 646
574 638
139 493
325 332
521 536
569 609
515 567
411 454
487 576
119 245
618 635
643 649
616 624
294 392
549 552
442 638
308 424
324 465
51 177
24 197
225 464
96 171
381 403
480 636
350 514
425 588
313 645
520 635
182 241
238 393
454 458
288 635
16 448
378 384
579 601
196 324
623 637
617 631
612 645
604 655
359 401
78 185
595 630
640 649
36 419
651 651
309 451
338 570
491 503
645 654
396 452
578 645
531 585
648 649
611 622
421 505
234 350
383 507
59 122
3 318
377 637
188 627
215 288
180 494
563 615
288 336
418 641
111 244
392 410
462 583
601 650
30 401
393 423
238 567
586 603
633 634
243 320
436 555
368 419
185 571
273 403
20 411
526 653
432 633
424 520
51 198
644 645
624 639
345 640
21 457
259 408
395 464
370 371
306 629
575 589
269 427
350 563
433 442
123 279
549 623
23 78
318 590
74 84
148 510
420 636
616 632
651 651
22 303
457 651
286 393
182 554
577 591
148 500
641 641
433 531
458 504
20 625
37 647
590 602
555 653
307 424
135 151
283 654
441 591
